rand(uniform) = 1.8407603593348691
rand(uniform) = 2.769605815396173
