rand(uniform) = 1.4005885382428511
rand(uniform) = 2.514001277076313
