rand(uniform) = 2.175892078603259
rand(uniform) = 2.478417799889581
