rand(uniform) = 2.300073732160614
rand(uniform) = 2.5709889031928634
