rand(uniform) = 1.7129958860630783
rand(uniform) = 2.999603195703844
